0 5.23 12.45 8.67 6.12 15.78 9.45 14.56 7.34 4.89 10.12 12.34
5.23 0 6.89 4.12 11.56 7.67 9.32 3.45 8.21 6.78 14.45 11.12
12.45 6.89 0 10.23 13.12 5.67 6.89 11.56 12.34 8.78 15.23 9.67
8.67 4.12 10.23 0 9.34 7.56 13.45 5.67 11.12 9.45 14.56 10.78
6.12 11.56 13.12 9.34 0 8.12 12.45 9.67 6.89 15.34 7.12 6.45
15.78 7.67 5.67 7.56 8.12 0 10.23 8.12 14.12 11.45 6.23 7.89
9.45 9.32 6.89 13.45 12.45 10.23 0 11.34 7.67 14.89 9.45 8.21
14.56 3.45 11.56 5.67 9.67 8.12 11.34 0 12.45 10.12 6.78 9.34
7.34 8.21 12.34 11.12 6.89 14.12 7.67 12.45 0 10.12 11.45 8.56
4.89 6.78 8.78 9.45 15.34 11.45 14.89 10.12 10.12 0 13.12 12.67
10.12 14.45 15.23 14.56 7.12 6.23 9.45 6.78 11.45 13.12 0 11.78
12.34 11.12 9.67 10.78 6.45 7.89 8.21 9.34 8.56 12.67 11.78 0